Filetype: Flipper Animation
Version: 1

Width: 128
Height: 64
Passive frames: 32
Active frames: 132
Frames order: 0 0 1 1 2 2 3 3 4 4 5 5 6 6 7 7 8 8 9 9 10 10 11 11 12 12 13 13 14 14 15 15 0 0 1 1 2 2 3 3 4 4 5 5 6 6 7 7 8 8 8 8 8 8 16 16 16 17 17 17 18 18 18 19 19 19 20 20 21 21 22 22 8 8 16 17 18 19 20 21 22 8 16 17 18 19 20 21 22 16 18 20 22 8 17 19 21 16 18 20 22 8 17 19 21 24 27 30 25 28 23 26 29 24 27 30 25 28 23 26 29 24 27 30 25 28 23 27 24 28 25 29 26 30 27 23 28 24 29 25 30 26 23 31 32 32 33 34 34 34 34 34 34 34 34 34 34 34 34 34 34 34 34 34
Active cycles: 1
Frame rate: 12
Duration: 360
Active cooldown: 3

Bubble slots: 0

